28000  8.5
28001  9.4
28003  1.6
28004  11.2
28005  9.3
28006  4.8
28007  -0.3
28008  8.6
28009  5.1
28010  -0.3
28011  11.0
28012  9.9
28013  0.5
28014  8.9
28015  9.8
28016  8.1
28017  2.8
28028  2.4
28030  6.2
28031  3.2
28033  3.6
28034  13.2
28035  11.5
28036  13.2
28037  6.9
28039  12.0
28040  -0.5
28041  -0.5
28042  5.3
28043  5.5
28044  2.1
28045  -8.8
28047  2.5
28048  2.5
28049  2.0
28050  6.8
28051  0.4
28052  3.1
28053  1.3
28054  8.3
28055  15.2
28056  -7.4
28057  12.1
28059  12.5
28060  0.1
28061  13.6
28062  2.8
28064  0.2
28065  -0.5
28066  15.8
28067  26.5
28068  28.2
28069  28.4
28070  21.2
28071  38.0
28072  36.5
28073  44.2
28074  -0.6
28076  -0.9
28077  11.6
28078  9.7
28079  9.4
28080  20.8
28081  18.3
28082  19.5
28083  17.2
28085  -1.0
28086  -1.1
28087  -1.1
28088  12.1
28089  -0.9
28092  1.4
28093  8.2
28094  15.6
28095  10.1
28096  12.1
28097  25.7
28100  5.0
28101  13.2
28103  11.4
28104  13.2
28106  -1.0
28107  5.1
28108  4.9
28109  18.6
28110  13.4
28111  10.6
28112  10.5
28114  -0.4
28115  0.2
28116  21.2
28117  12.7
28118  34.8
28119  8.2
28120  38.5
28121  16.7
28122  10.7
28123  7.3
28124  7.4
28125  9.0
28126  6.8
28127  5.6
28128  4.2
28129  4.6
28130  4.9
28131  -0.5
28132  -0.3
28133  9.0
28134  -0.7
28137  -0.8
28138  -1.1
28140  -0.7
28141  1.3
28142  8.1
28143  7.7
28144  7.3
28145  11.0
28148  11.3
28149  11.7
28150  5.0
28151  13.1
28152  6.9
28153  -1.0
28154  9.5
28155  9.1
28156  6.7
28157  8.8
28158  9.6
28159  6.7
28160  5.8
28166  1.5
28167  -0.5
28169  -1.0
28170  -1.0
28171  -0.1
28172  -1.0
28173  -0.8
28174  5.9
28175  10.9
28176  -1.0
28177  7.1
28178  1.4
28179  -0.8
28180  4.3
28196  1.5
28197  2.2
28198  5.3
28199  8.7
28200  8.9
28201  3.0
28203  -1.3
28204  -0.9
28205  -0.5
28206  -0.8
28207  7.2
28208  12.3
28209  -1.0
28210  10.7
28212  6.2
28213  -1.4
28214  -0.4
28215  12.5
28216  15.0
28217  0.5
28218  -0.6
28219  13.9
28220  2.1
28221  -0.7
28222  10.4
28223  -1.2
28224  6.2
28225  -1.5
28226  4.4
28227  3.8
28229  -0.9
28230  6.5
28231  -0.9
28232  1.0
28233  -1.0
28234  -0.9
28236  1.1
28237  2.3
28238  -0.2
28239  -0.2
28240  -0.2
28241  -0.3
28242  -0.8
28243  -0.9
28244  4.7
28245  4.7
28246  4.4
28247  4.5
28248  1.7
28249  0.2
28250  0.0
28251  2.2
28252  -0.8
28253  0.9
28254  1.7
28255  8.7
28256  9.4
28257  10.6
28258  11.0
28259  9.7
28262  2.3
28263  10.5
28265  10.3
28267  -1.0
28268  6.8
28269  7.1
28270  7.3
28271  8.4
28272  13.3
28273  4.2
28274  7.6
28275  -1.1
28276  -0.0
28277  0.1
28279  2.5
28280  3.5
28281  -0.3
28282  -0.5
28283  0.6
28284  4.5
28286  -0.1
28287  4.7
28288  -0.3
28289  -0.3
28290  4.8
28292  -0.2
28293  -0.8
28294  -1.1
28295  -0.3
28296  3.3
28297  3.0
28298  12.5
28299  -0.9
28300  1.7
28301  6.2
28309  0.9
28310  2.2
28312  3.5
28313  -0.8
28314  -0.3
28315  1.6
28316  1.5
28317  -1.0
28318  -1.1
28319  -0.1
28320  -0.2
28321  8.0
28322  6.0
28324  5.5
28326  5.1
28327  4.0
28330  -1.1
28331  -1.1
28332  -0.4
28333  -0.9
28334  2.4
28335  -1.0
28336  5.1
28337  6.3
28338  10.3
28339  -0.2
28341  6.6
28342  6.1
28343  5.7
28344  7.7
28345  6.5
28353  3.3
28354  1.1
28355  8.7
28357  5.2
28358  0.0
28361  6.7
28362  -0.2
28363  5.6
28364  1.0
28366  1.1
28368  -1.1
28369  2.5
28370  1.9
28371  2.4
28372  -1.0
28373  0.8
28374  -1.0
28375  4.9
28376  4.1
28377  -0.5
28378  -0.7
28379  -1.1
28381  -0.7
28382  0.2
28383  0.0
28385  0.8
28386  8.1
28387  6.7
28389  2.2
28390  1.9
28391  4.3
28392  3.1
28393  -0.4
28394  -0.1
28395  5.0
28396  4.7
28397  4.2
28398  3.9
28399  3.8
28400  -0.4
28401  7.5
28402  -0.8
28403  4.4
28404  -0.8
28405  -1.0
28406  7.7
28420  -1.4
28421  -0.6
28422  -1.3
28425  -1.1
28426  -1.2
28427  -1.2
28428  -1.2
28429  -0.9
28431  -1.3
28432  -5.3
28433  -4.0
28434  -0.3
28435  -0.3
28436  -1.0
28437  -1.6
28444  -1.5
28445  -5.9
28446  -8.3
28447  -1.3
28448  -1.2
28449  -0.4
28450  -1.2
28452  -0.7
28456  -1.2
28457  -1.7
28458  -1.2
28459  -1.2
28460  -1.3
28461  -1.2
28463  -1.1
28464  -1.4
28465  -1.1
28466  -1.1
28467  -2.6
28468  -2.1
28469  -2.5
28503  -0.1
28504  8.9
28508  13.4
28509  3.9
28510  11.6
28511  1.3
28512  12.0
28513  -0.3
28514  5.7
28516  26.5
28518  11.4
28519  -0.7
28520  5.8
28521  24.0
28522  -1.1
28523  -0.9
28536  0.9
28540  1.2
28541  1.5
28542  1.8
28543  2.8
28544  1.8
28545  1.3
28546  2.9
28547  2.6
28549  2.2
28550  3.7
28551  3.4
28555  -0.4
28556  -0.4
28557  -0.7
28558  -0.6
28559  0.0
28560  -0.5
28561  -0.6
28562  -0.5
28563  -0.6
28564  0.7
28565  1.3
28566  1.1
28567  0.8
28568  -0.6
28569  1.1
28570  1.3
28571  1.4
28572  1.5
28573  -0.4
28574  -0.6
28575  -0.6
28576  -0.6
28577  -0.6
28581  -0.3
28582  -0.7
28584  -0.3
28585  -0.3
28586  -0.3
28587  -0.2
28588  -0.7
28589  -0.3
28590  -0.4
28591  -0.4
28592  -0.5
28593  2.2
28594  0.5
28595  -0.3
28596  -0.3
28597  -0.1
28598  3.0
28599  3.3
28602  3.0
28603  -0.5
28604  3.1
28605  1.8
28606  1.6
28633  0.8
28634  4.1
28635  -0.4
28636  -0.5
28641  -0.3
28642  18.5
28646  12.3
28647  9.2
28648  12.9
28649  13.0
28650  11.3
28651  8.1
28653  -0.6
28655  1.7
28656  -0.6
28657  -0.5
28658  -0.4
28659  -0.3
28660  -0.4
28661  -0.4
28662  -0.4
28663  -0.3
28664  -0.6
28665  15.7
28666  -0.5
28667  -0.2
28668  -0.4
28670  -0.3
28672  10.6
28673  9.2
28674  9.0
28675  5.8
28681  2.0
28682  4.7
28683  5.7
28684  6.6
28685  5.3
28687  4.7
28688  6.8
28689  5.6
28690  9.8
28691  9.3
28692  7.1
28693  8.6
28694  5.7
28695  -0.2
28696  19.8
28697  19.4
28698  -0.3
28699  19.6
28709  2.0
28710  -1.4
28711  -0.6
28713  -0.2
28714  2.6
28715  17.8
28716  2.0
28717  2.5
28718  2.5
28719  6.4
28720  7.9
28721  4.8
28722  -0.9
28724  -0.5
28725  -0.2
28726  -0.6
28727  -0.4
28728  -0.4
28729  -0.5
28730  2.5
28732  -0.4
28733  -0.6
28736  -0.4
28738  -0.4
28739  -0.5
28740  -0.4
28741  -0.5
28742  -0.5
28743  3.1
28745  8.4
28746  11.8
28747  13.3
28748  -0.5
28749  -0.6
28750  -0.5
28751  -0.3
28752  -0.4
28753  3.6
28754  -0.4
28756  -0.1
28757  5.9
28760  2.2
28763  5.4
28764  5.7
28765  7.0
28766  9.2
28767  9.0
28769  -0.5
28770  -0.6
28771  -0.4
28772  -0.3
28773  -0.3
28775  -0.4
28776  7.7
28777  -0.6
28778  8.4
28779  6.1
28781  4.7
28782  4.5
28783  5.5
28784  4.7
28787  0.2
28788  2.2
28790  1.7
28791  -0.4
28794  4.2
28795  4.8
28796  -0.5
28797  -0.5
28798  -0.4
28799  2.2
28802  -0.3
28803  -0.4
28804  -0.5
28805  -0.4
28806  -0.5
28807  -0.4
28809  -0.4
28810  -0.6
28811  -0.6
28812  -0.6
28813  -0.5
28814  -0.4
28815  -0.3
28816  -0.5
28817  0.4
28818  5.9
28819  -0.1
28820  -0.4
28821  0.7
28822  1.6
28823  -0.4
28824  -0.5
28825  -0.5
28828  -0.5
28829  -0.5
28830  2.8
28831  -0.5
28832  -0.3
28843  1.5
28844  0.2
28845  2.7
28846  5.0
28847  4.4
28848  2.0
28850  0.3
28851  -0.5
28852  -0.5
28853  -0.5
28854  -0.3
28855  -0.5
28856  8.4
28857  4.9
28858  7.3
28859  5.8
28860  5.4
28861  5.2
28862  2.4
28863  2.6
28868  -0.7
28869  4.3
28870  -0.4
28871  -0.4
28872  -0.3
28873  -0.3
28874  -0.2
28875  4.3
28876  11.5
28877  11.3
28880  8.2
28882  3.2
28883  -0.6
28884  -0.6
28885  -0.2
28886  4.1
28887  -0.7
28888  6.7
28889  4.6
28890  3.9
28891  7.1
28893  2.6
28894  4.9
28895  7.9
28896  6.8
28897  9.6
28898  10.4
28899  -0.3
28900  -0.5
28901  2.7
28902  3.8
28903  -0.6
28904  -0.2
28905  4.4
28906  3.1
28907  5.8
28908  3.4
28912  -0.4
28913  -0.5
28914  -0.6
28915  -0.5
28916  -16.8
28917  -0.4
28919  -27.9
28920  -20.2
28922  -19.0
28923  -32.2
28924  -30.8
28925  -9.9
28930  -1.3
28933  -0.5
28936  -0.4
28941  -0.5
28942  -0.4
28943  -0.4
28944  -0.5
28945  -0.6
28946  -3.9
28947  -1.1
28948  -2.6
28949  -2.0
28951  -0.6
28952  -0.8
28953  -0.5
28954  -0.7
28959  -15.8
28960  -12.7
28962  -0.7
28963  -11.2
28964  -14.6
28965  -0.6
28966  -0.3
28967  -0.4
28968  -0.5
28969  -12.9
28970  -16.8
28971  -0.5
28972  -0.5
28973  -0.7
28974  -4.0
28975  -0.4
28982  -0.4
28984  -0.4
28985  -0.4
28987  -12.6
28988  -9.3
28989  -0.4
28990  -0.7
29021  2.2
29022  6.3
29024  1.1
29025  1.1
29026  0.8
29027  6.0
29028  4.5
29029  3.1
29030  2.1
29031  4.0
29032  5.9
29033  1.5
29044  15.9
29045  15.6
29046  18.8
29047  5.3
29048  8.0
29049  10.5
29050  10.3
29051  -0.4
29052  -0.5
29053  -0.7
29054  -0.5
29055  20.1
29056  -0.5
29057  15.3
29065  2.4
29066  2.1
29067  -0.4
29068  -0.4
29069  -0.4
29070  -0.4
29071  5.1
29072  7.3
29073  5.7
29074  9.6
29075  9.1
29076  7.4
29078  -0.4
29079  -0.4
29080  -0.5
29081  -0.3
29082  2.4
29083  -0.5
29089  3.7
29090  21.0
29091  23.9
29092  37.0
29093  3.6
29094  3.8
29096  -0.4
29098  -0.4
29099  -0.5
29100  -0.7
29101  0.2
29102  -0.5
29103  3.1
29104  1.4
29108  -0.7
29109  -0.5
29110  -0.3
29111  2.4
29112  -0.4
29113  3.4
29114  3.6
29115  2.0
29117  4.2
29118  -0.6
29119  2.3
29120  12.0
29121  13.5
29122  12.9
29124  10.1
29125  8.9
29126  7.1
29132  6.6
29157  -0.3
29158  -0.3
29159  19.8
29160  16.0
29161  22.2
29162  22.4
29163  14.9
29164  18.4
29167  20.7
29169  21.0
29171  19.9
29172  -0.0
29173  -0.5
29174  -0.5
29175  -0.3
29177  -0.4
29178  2.8
29180  3.5
29181  8.4
29182  -0.4
29183  -0.5
29184  -0.4
29185  -0.5
29186  3.3
29187  4.4
29188  3.8
29189  4.8
29190  4.2
29191  9.5
29192  10.2
29194  4.6
29195  11.1
29196  -0.6
29197  -0.5
29198  -0.5
29199  -0.5
29200  0.5
29201  4.5
29203  9.6
29204  10.1
29208  13.6
29209  8.9
29210  -0.5
29211  0.6
29212  4.1
29214  5.1
29215  3.6
29216  -1.3
29217  -1.7
29218  -8.3
29219  -11.5
29220  -16.5
29221  11.3
29222  14.3
29223  7.5
29224  12.0
29225  14.7
29226  7.7
29227  0.7
29228  -0.1
29229  1.4
29230  -2.1
29231  2.3
29243  -0.5
29244  -0.6
29245  -0.4
29247  -0.4
29248  5.4
29250  3.8
29251  18.1
29252  4.0
29253  0.2
29254  1.6
29255  10.3
29256  9.3
29257  9.5
29258  3.9
29259  3.9
29260  4.0
29261  -0.4
29262  7.7
29265  -0.7
29266  3.7
29267  13.3
29268  23.5
29269  25.0
29272  10.3
29273  2.4
29280  12.2
29281  10.0
29282  13.3
29283  5.1
29286  1.5
29287  -0.5
29290  3.0
29291  4.9
29292  3.5
29293  6.4
29294  6.6
29295  6.5
29296  1.7
29297  1.3
29298  0.7
29300  -0.2
29301  2.2
29302  1.8
29303  6.8
29306  7.8
29307  2.2
29310  2.4
29311  5.8
29312  5.3
29314  6.7
29315  -0.6
29316  -0.5
29317  -0.6
29319  3.7
29320  4.0
29321  4.3
29322  3.7
29323  7.6
29324  7.0
29325  -0.7
29326  -0.4
29330  5.2
29331  6.0
29332  -0.2
29333  -0.4
29334  5.9
29335  9.2
29336  8.5
29337  11.2
29338  12.2
29339  11.1
29341  4.5
29342  16.7
29343  30.3
29344  17.5
29345  -0.7
29347  -0.8
29348  -0.5
29349  -0.5
29350  -0.4
29351  -0.5
29352  -0.4
29353  16.1
29354  25.2
29355  16.8
29356  21.8
29357  9.3
29358  0.3
29359  -0.5
29360  -0.5
29361  -0.6
29362  -0.5
29363  10.1
29364  10.8
29365  9.5
29367  5.3
29368  15.7
29369  14.1
29370  10.6
29372  8.9
29373  7.0
29374  8.0
29375  -0.6
29377  16.6
29378  -0.8
29379  -0.7
29380  12.1
29381  2.0
29382  0.9
29383  -0.5
29384  -0.5
29385  -0.5
29386  -0.5
29387  12.8
29388  18.0
29389  16.8
29390  0.3
29395  -0.7
29396  1.8
29397  2.2
29398  0.3
29399  -0.7
29400  5.1
29401  4.1
29402  -0.5
29403  7.8
29404  6.7
29405  6.1
29406  6.2
29407  3.3
29408  3.9
29411  8.1
29412  2.3
29413  15.4
29414  5.8
29415  -0.3
29417  1.5
29418  40.0
29419  -0.5
29420  2.6
29421  -0.8
29422  -0.1
29425  -0.4
29426  4.6
29427  8.1
29428  4.7
29429  8.3
29430  -0.5
29431  1.7
29432  4.1
29433  0.8
29434  -0.7
29435  -0.6
29436  -0.2
29437  9.0
29459  -0.8
29460  3.0
29461  12.7
29462  -0.7
29463  3.5
29464  13.5
29465  4.6
29466  4.5
29467  -0.6
29468  8.1
29469  -0.8
29470  0.1
29472  0.2
29473  1.3
29474  7.9
29475  8.2
29476  10.7
29477  10.3
29482  15.2
29483  15.8
29484  22.9
29491  -0.6
29492  -0.9
29493  -0.6
29494  4.6
29501  0.9
29502  0.1
29503  3.4
29504  -0.4
29506  1.4
29507  5.9
29508  3.2
29509  -0.7
29510  0.8
29511  -0.5
29512  -0.9
29514  10.1
29516  -0.6
29518  1.8
29521  28.9
29522  30.7
29523  -0.5
29524  -0.5
29525  -0.7
29526  9.1
29527  0.4
29528  -0.9
29529  7.3
29530  6.7
29531  3.1
29532  -0.8
29533  6.7
29534  7.3
29535  -0.9
29536  -0.6
29549  3.6
29550  -0.3
29551  -1.2
29552  -0.8
29553  6.9
29554  -0.7
29555  -0.0
29556  -1.4
29557  -0.9
29558  -0.3
29559  13.8
29561  5.9
29562  -0.5
29563  -0.3
29564  -0.2
29565  6.3
29566  8.0
29567  6.2
29572  2.2
29575  13.1
29576  15.2
29577  -0.9
29578  -0.9
29579  17.7
29580  -0.5
29581  -0.4
29582  -0.6
29583  1.0
29584  7.4
29585  6.9
29586  6.1
29587  7.3
29588  -0.2
29589  -0.4
29590  9.7
29591  0.2
29592  13.3
29594  12.4
29595  10.2
29596  2.3
29597  -1.0
29598  -0.9
29599  -1.0
29600  7.5
29601  6.4
29602  7.7
29603  7.6
29604  -0.1
29605  4.8
29606  -0.4
29607  -0.2
29608  -0.6
29609  1.6
29610  -0.2
29611  0.4
29612  6.3
29616  -0.7
29617  2.7
29618  -0.5
29619  -0.3
29620  0.3
29621  -0.2
29622  -0.4
29623  -0.4
29624  -0.7
29625  -0.5
29626  -0.4
29627  4.1
29628  3.0
29629  2.2
29630  3.1
29632  1.7
29633  -0.3
29634  -0.6
29635  -0.8
29636  13.5
29639  0.5
29641  -0.3
29642  -0.7
29643  -0.7
29644  -0.7
29645  5.0
29646  8.1
29647  7.3
29648  9.0
29649  9.3
29651  0.2
29652  -0.4
29653  0.0
29654  -0.6
29655  14.9
29656  14.0
29658  14.9
29659  -0.3
29660  14.5
29661  15.6
29662  14.5
29663  -0.4
29664  5.6
29666  4.2
29667  -1.0
29668  -0.9
29669  -1.2
29670  16.2
29671  15.1
29672  13.0
29673  6.8
29674  3.6
29675  5.1
29676  3.9
29677  11.4
29678  14.3
29679  -0.4
29680  -0.0
29681  -0.7
29682  12.4
29683  3.9
29684  -0.7
29686  -1.2
29687  -0.9
29691  -0.9
29692  -0.6
29693  -0.5
29694  5.3
29695  2.1
29696  0.8
29697  0.3
29698  2.5
29700  -0.7
29701  -0.8
29702  4.5
29703  -0.5
29706  -0.4
29708  3.4
29709  -0.6
29710  2.1
29711  -0.5
29712  12.8
29713  10.5
29714  1.9
29715  -0.8
29716  -1.2
29717  7.3
29718  -1.1
29719  -0.3
29720  -0.3
29721  6.1
29723  -0.6
29724  3.3
29725  8.4
29728  -0.8
29729  4.8
29730  1.5
29731  1.0
29732  0.7
29733  4.9
29734  6.7
29735  3.5
29736  15.0
29737  -1.0
29738  -0.4
29739  -0.3
29740  -0.2
29741  -1.1
29742  -0.3
29743  0.0
29744  0.1
29745  -0.6
29746  -0.8
29747  18.7
29748  -0.4
29749  18.1
29750  18.9
29751  -0.5
29752  -0.3
29753  5.2
29754  -0.2
29756  0.7
29757  0.5
29758  1.6
29759  4.3
29760  5.0
29761  -0.9
29762  -0.5
29763  19.1
29765  34.7
29766  44.6
29769  31.7
29771  30.8
29772  40.1
29773  -0.2
29774  -0.6
29775  6.8
29776  8.3
29777  -0.3
29778  0.0
29779  7.4
29780  -0.7
29781  7.7
29782  0.6
29783  8.1
29785  4.8
29786  8.7
29787  3.5
29788  8.3
29789  12.1
29791  9.7
29792  9.6
29794  8.3
29795  7.6
29796  53.5
29797  -0.5
29798  18.4
29799  -0.8
29800  -0.6
29801  16.0
29802  -0.5
29803  21.5
29804  53.7
29805  17.0
29809  -0.6
29810  -0.5
29811  -0.4
29812  -1.0
29813  -0.4
29814  -0.7
29815  -0.8
29816  2.3
29817  -0.2
29818  6.4
29819  1.4
29820  -0.5
29821  -0.6
29822  11.8
29823  12.8
29824  5.8
29825  5.6
29826  2.8
29828  6.2
29829  11.1
29830  -0.4
29831  -0.7
29832  7.9
29833  16.5
29834  9.4
29836  7.0
29837  -0.7
29838  10.4
29839  -0.8
29840  9.2
29841  35.9
29842  26.3
29843  4.9
29844  -0.7
29845  8.5
29846  6.7
29847  4.8
29849  5.1
29850  9.2
29851  13.2
29855  6.7
29856  8.3
29857  12.0
29858  2.5
29859  1.5
29860  11.4
29861  14.6
29862  -0.3
29863  21.7
29864  -0.2
29865  -0.8
29866  -0.5
29867  -0.6
29868  3.7
29869  -0.6
29870  -0.6
29871  -0.1
29872  -0.1
29874  8.0
29875  4.2
29879  2.9
29880  2.7
29881  3.0
29882  10.2
29884  -0.4
29885  17.4
29886  -0.3
29887  -0.4
29888  3.4
29889  18.2
29890  14.4
29891  15.9
29892  -0.6
29893  -0.7
29894  15.0
29895  11.2
29896  5.4
29897  14.7
29898  -0.9
29899  13.0
29904  4.2
29905  -0.6
29906  -0.7
29907  -0.7
29909  -0.7
29910  -0.4
29911  -0.6
29912  -0.5
29913  5.9
29914  -0.7
29915  -0.3
29917  17.4
29918  17.4
29919  16.0
29920  17.8
29921  10.7
29922  18.2
29924  -0.9
29925  -1.3
29926  11.6
29927  15.3
29928  2.0
29931  0.1
29932  1.5
29933  2.3
29934  -0.4
29936  1.3
29937  3.8
29938  4.1
29939  3.1
29940  -0.5
29941  -0.5
29942  -0.8
29943  6.7
29944  9.8
29945  -0.5
29946  4.0
29947  -0.5
29948  3.1
29952  0.5
29953  -0.6
29956  -0.4
29957  -0.5
29958  15.1
29959  2.9
29960  -0.7
29961  2.1
29962  -0.5
29963  -0.7
29964  10.3
29965  6.2
29966  5.9
29967  2.5
29968  -0.6
29969  2.4
29970  -0.5
29973  3.1
29974  4.7
29975  5.4
29976  -0.7
29977  -0.6
29979  3.6
29980  -0.7
29981  -0.6
29982  5.8
29984  4.6
29985  4.7
29986  -0.3
29987  -0.9
29988  -0.7
29989  -0.9
29990  6.0
29991  6.6
29992  5.2
29995  -0.7
29996  7.0
29998  -0.5
30000  -0.7
30001  4.8
30002  -0.4
30003  0.8
30004  -0.1
30005  1.7
30006  -0.5
30008  6.6
30009  21.6
30011  9.4
30014  14.6
30015  17.4
30016  2.8
30017  6.7
30020  3.0
30024  -0.5
30025  -0.4
30026  -0.5
30027  -0.5
30028  -0.5
30030  -0.6
30031  -0.5
30032  -0.5
30033  -0.2
30034  -0.3
30035  -0.4
30036  -0.5
30037  -0.3
30038  -0.7
30039  -0.4
30040  -0.4
30041  -0.6
30042  -0.5
30043  -0.4
30044  -0.2
30045  -0.5
30049  -0.5
30050  2.6
30051  6.7
30053  4.1
30054  -0.4
30055  0.3
30056  -0.2
30057  12.2
30058  11.0
30059  -0.5
30060  -0.6
30061  -0.4
30062  4.9
30063  -0.7
30112  -0.6
30117  -0.7
30120  -0.5
30122  -0.4
30123  4.6
30124  -0.7
30127  7.9
30132  12.1
30134  12.8
30163  -0.7
30164  3.1
30165  6.2
30175  -0.8
30177  0.6
30178  3.6
30179  5.0
30181  7.1
30182  7.3
30183  -0.6
30184  -0.6
30186  2.6
30188  5.1
30189  3.6
30190  3.9
30195  -0.6
30198  10.9
30199  5.2
30200  3.7
30201  5.7
30202  7.8
30203  11.1
30208  -0.7
30209  -0.8
30211  0.4
30212  1.1
30213  1.4
30214  0.2
30216  5.8
30217  7.0
30218  15.0
30219  1.8
30220  6.2
30223  8.3
30224  0.1
30225  4.9
30226  8.7
30227  7.0
30228  1.4
30229  8.8
30230  9.0
30232  8.4
30233  11.0
30235  11.9
30236  12.2
30237  0.7
30255  0.9
30256  -0.8
30257  3.3
30258  -0.8
30259  3.7
30260  6.8
30261  5.9
30263  2.4
30264  10.4
30265  0.3
30271  -0.9
30274  4.0
30275  7.9
30276  -1.1
30277  -1.2
30281  1.0
30282  6.1
30283  15.8
30284  11.2
30285  6.7
30286  8.3
30287  0.3
30288  -0.8
30289  -0.7
30290  -0.9
30291  2.7
30292  24.7
30294  4.8
30295  0.8
30296  3.7
30297  -0.9
30298  -0.7
30299  15.8
30300  14.1
30301  15.1
30302  14.1
30303  -0.7
30304  -0.9
30305  -1.0
30306  -0.1
30307  -3.2
30308  0.1
30309  -1.1
30310  -0.9
30314  0.9
30316  14.2
30317  11.6
30322  18.4
30323  8.4
30324  0.5
30325  8.1
30326  -0.3
30327  11.3
30329  7.2
30330  -0.9
30331  5.6
30332  6.3
30334  2.7
30335  14.2
30336  0.6
30337  -1.4
30339  -0.8
30357  4.4
30358  -0.3
30360  2.1
30361  0.5
30363  2.6
30365  7.0
30366  8.9
30367  8.3
30368  11.5
30369  11.9
30370  7.2
30371  27.2
30372  30.8
30373  30.5
30374  12.8
30376  6.8
30377  -1.2
30379  6.9
30380  5.3
30381  -0.8
30382  19.9
30383  -1.0
30384  -0.0
30385  34.0
30386  36.6
30387  23.8
30390  11.8
30391  9.3
30392  13.6
30393  13.5
30396  1.9
30397  5.8
30398  -0.6
30400  3.6
30402  3.1
30404  11.6
30405  0.3
30406  9.0
30407  8.4
30410  3.4
30411  9.8
30412  8.7
30413  -0.2
30414  -1.0
30415  11.3
30416  10.1
30417  5.0
30418  -1.1
30419  6.2
30420  -0.2
30423  6.9
30424  9.4
30429  6.1
30430  5.9
30433  -1.4
30434  12.7
30435  17.5
30436  18.5
30437  7.0
30438  -1.4
30439  -0.6
30440  -0.4
30441  -0.5
30442  -0.7
30443  0.1
30444  -0.1
30445  13.3
30463  -1.2
30465  5.2
30466  -0.8
30467  -0.0
30468  -0.6
30469  -0.2
30470  11.4
30471  -1.2
30472  2.0
30473  22.9
30474  -0.8
30475  -0.5
30476  7.8
30479  4.8
30480  12.0
30481  2.3
30482  -0.6
30483  6.7
30484  0.1
30485  -0.9
30486  8.0
30487  22.7
30490  -2.7
30491  17.3
30492  5.7
30494  -1.1
30495  0.4
30496  -0.7
30498  -1.1
30499  -0.9
30501  2.2
30503  1.0
30504  8.6
30505  -0.1
30506  -0.9
30507  9.2
30508  0.9
30510  -0.8
30511  -0.9
30513  11.4
30515  -0.9
30518  2.0
30522  4.8
30525  4.6
30526  -0.6
30527  -1.0
30528  -0.8
30529  9.2
30530  9.2
30531  -0.8
30532  -0.6
30533  -0.7
30534  -1.1
30535  6.6
30537  11.4
30538  19.8
30539  22.9
30543  35.0
30544  -0.9
30545  -0.8
30546  -1.0
30547  -1.1
30548  -0.5
30549  25.0
30550  26.7
30552  30.4
30553  21.4
30554  2.0
30555  -1.2
30556  -0.9
30557  -0.9
30558  -0.7
30559  -1.2
30560  2.7
30561  16.6
30564  -0.6
30565  -0.8
30566  6.1
30567  -0.5
30568  9.0
30569  7.7
30570  0.3
30571  10.8
30572  2.0
30573  18.5
30575  22.1
30576  20.3
30577  19.9
30578  -0.8
30579  25.5
30580  25.6
30583  -0.7
30584  -0.9
30585  -0.7
30586  -1.0
30587  3.6
30589  16.6
30590  17.0
30591  -0.9
30592  -0.7
30593  19.1
30594  27.0
30596  -0.9
30597  5.7
30598  -0.9
30599  6.7
30601  6.7
30603  7.1
30605  0.3
30607  8.9
30609  19.1
30610  7.7
30611  -1.0
30612  9.9
30613  8.4
30615  -0.8
30616  -0.8
30617  -1.0
30618  -0.5
30619  -0.9
30620  -0.6
30621  0.8
30622  -0.7
30623  2.6
30624  1.6
30628  3.4
30629  13.6
30630  11.6
30631  9.5
30632  -0.9
30633  9.1
30634  13.3
30635  20.6
30636  15.8
30637  22.6
30638  7.6
30639  5.5
30640  1.7
30641  15.5
30642  16.3
30643  13.6
30644  11.6
30645  19.7
30646  3.3
30647  10.6
30648  17.5
30649  21.6
30650  13.6
30655  -1.3
30656  -0.7
30657  18.9
30658  17.5
30659  44.2
30660  52.7
30661  -0.4
30662  -0.4
30664  22.6
30665  -0.7
30666  -0.8
30667  24.9
30668  0.4
30669  16.0
30670  12.4
30671  9.4
30672  18.4
30673  9.1
30674  15.0
30675  34.8
30676  17.4
30677  -0.5
30680  10.1
30681  23.7
30682  -0.4
30683  -0.4
30684  36.6
30685  -0.6
30686  -0.7
30687  -0.8
30688  -0.6
30689  -0.6
30690  -0.9
30691  -0.8
30692  -0.7
30693  -0.6
30694  -0.5
30695  -0.4
30696  -0.5
30699  19.8
30700  -0.6
30701  -0.6
30714  -0.6
30715  23.5
30717  -0.4
30718  19.2
30719  -0.7
30720  -0.6
30721  31.7
30722  25.8
30723  25.2
30727  -0.6
30728  13.6
30729  19.7
30730  -0.7
30731  -0.6
30732  20.7
30733  18.8
30736  10.0
30738  0.8
30739  -0.4
30740  -0.6
30742  -0.4
30743  -0.7
30745  -0.9
30746  0.1
30749  -0.2
30750  4.3
30753  -0.8
30755  0.1
30761  3.6
30762  -0.8
30763  -0.5
30764  -0.5
30765  -0.8
30766  -0.5
30767  -0.5
30768  -0.7
30769  -0.9
30770  -0.8
30771  -0.4
30772  -0.5
30773  6.7
30774  16.5
30775  13.9
30776  2.7
30777  -0.6
30778  1.8
30779  2.6
30780  -0.7
30781  -0.9
30782  2.4
30783  7.5
30787  -0.8
30788  -0.6
30789  -0.8
30790  -0.9
30791  -0.8
30792  11.4
30793  13.8
30794  11.7
30795  2.7
30796  8.7
30797  12.8
30799  -0.6
30800  -0.7
30801  -0.7
30802  -0.7
30803  6.1
30804  -0.7
30805  -0.7
30806  -0.9
30809  13.5
30810  -0.5
30811  15.1
30812  13.7
30813  18.4
30814  16.1
30815  21.5
30816  25.8
30817  -0.8
30818  13.3
30820  47.0
30821  -0.6
30822  -0.9
30823  43.0
30824  27.0
30826  -0.8
30827  -0.7
30828  11.9
30829  12.4
30831  48.5
30832  -0.5
30833  -0.7
30834  19.1
30835  48.4
30836  -0.7
30837  -0.7
30838  -0.5
30839  28.9
30840  48.8
30841  45.3
30842  8.7
30843  14.8
30844  -0.0
30845  4.7
30846  24.4
30847  11.5
30884  11.4
30885  5.1
30887  35.3
30888  34.4
30889  10.4
30890  17.3
30891  41.9
30892  45.2
30893  32.3
30894  -0.5
30895  33.2
30897  29.8
30898  31.8
30899  32.5
30900  39.6
30901  39.8
30902  -0.7
30903  -0.5
30904  -0.6
30905  -0.8
30906  -0.8
30907  15.5
30908  -0.5
30909  -0.8
30910  -0.7
30911  16.2
30912  17.3
30913  18.7
30914  25.0
30915  31.7
30916  -0.6
30917  -0.7
30918  -0.5
30919  -0.4
30920  22.8
30922  -0.5
30923  -0.8
30924  -0.5
30925  -0.5
30926  -0.7
30927  -0.5
30928  -0.5
30929  14.8
30930  16.1
30931  13.2
30932  12.7
30933  -0.6
30934  -0.7
30935  -0.8
30936  -0.9
30937  -0.6
30938  -0.6
30939  -0.7
30940  -0.6
30941  -0.7
30943  8.5
30945  -0.6
30946  -0.5
30947  -0.3
30948  -0.6
30949  -0.5
30950  -0.7
30951  -0.6
30952  -0.7
30953  -0.4
30954  -1.5
30955  -0.4
30956  -0.2
30957  -0.8
30958  -0.7
30959  -0.8
30960  7.8
30961  9.7
30962  -1.1
30963  -0.3
30964  -0.4
30965  -0.6
30966  -0.6
30967  -0.8
30968  7.7
30972  -0.7
30973  4.0
30974  8.3
30975  9.0
30977  10.5
30978  10.4
30979  -0.8
30980  -0.6
30981  6.0
30984  -0.8
30985  -0.6
30989  -0.7
30990  1.2
30991  -0.5
30993  -1.0
30994  63.7
30997  55.7
30998  8.9
30999  5.5
31000  -0.9
31001  -1.1
31003  -0.7
31008  15.6
31009  11.2
31010  16.5
31011  15.9
31012  17.1
31013  16.4
31015  5.4
31017  5.3
31018  7.9
31019  -0.7
31020  -1.2
31021  -0.5
31022  -0.9
31023  25.8
31024  -0.5
31025  -1.1
31026  -0.9
31027  -0.9
31028  -1.2
31029  25.6
31030  17.2
31031  -0.8
31032  -0.8
31034  -0.8
31035  -0.5
31036  13.3
31040  -0.8
31041  20.6
31042  19.3
31043  8.4
31044  5.5
31045  1.9
31046  23.9
31048  12.8
31049  11.9
31050  -1.0
31052  3.6
31053  10.6
31054  -2.0
31055  11.4
31056  22.8
31057  24.8
31058  13.7
31086  -1.2
31087  7.3
31088  45.6
31089  -1.0
31090  -0.9
31091  49.6
31092  48.0
31094  54.4
31095  12.5
31096  16.3
31097  -1.0
31098  35.6
31099  2.1
31100  4.0
31102  -1.0
31105  5.5
31106  8.4
31107  7.3
31108  4.0
31109  -0.5
31110  11.3
31111  -0.4
31112  11.8
31113  6.7
31114  42.0
31115  46.1
31116  -0.6
31117  13.8
31119  13.7
31121  15.7
31122  84.1
31123  25.4
31124  94.9
31125  -0.8
31126  75.2
31127  69.4
31128  88.4
31129  46.4
31130  75.2
31131  63.2
31132  75.7
31134  -0.9
31135  53.3
31136  -0.8
31137  3.5
31138  -1.0
31139  3.7
31140  -0.9
31141  23.1
31143  12.2
31144  69.3
31145  19.9
31146  21.8
31147  33.3
31148  32.5
31149  -0.8
31150  -1.0
31151  2.7
31153  1.5
31156  10.4
31157  24.7
31158  24.7
31159  7.5
31160  -0.8
31161  -0.6
31162  52.5
31163  41.8
31164  5.9
31165  6.0
31167  12.0
31169  19.6
31170  -0.6
31197  4.1
31198  -0.5
31199  -0.4
31200  -0.6
31201  36.8
31202  -0.5
31203  -0.5
31204  6.8
31205  11.2
31206  -0.5
31207  3.2
31208  -0.4
31209  1.0
31210  3.5
31211  14.2
31213  -1.0
31216  -0.9
31220  4.9
31222  12.7
31223  13.6
31224  12.1
31225  -1.0
31226  11.3
31227  14.4
31228  21.2
31229  20.8
31230  -0.8
31231  18.3
31232  18.2
31233  -1.0
31234  -0.9
31235  -0.9
31236  9.1
31238  15.5
31239  -1.0
31240  5.3
31241  37.9
31242  37.5
31243  40.0
31244  39.6
31245  40.4
31246  38.9
31247  40.4
31250  39.5
31252  -0.9
31253  -0.8
31254  -1.1
31255  -0.9
31256  -1.0
31257  -1.0
31258  -0.7
31259  -1.0
31260  -0.9
31261  -0.9
31262  -0.7
31263  -0.9
31264  -0.7
31266  -0.9
31268  3.6
31269  12.4
31273  13.2
31274  -1.0
31275  -1.1
31276  -0.8
31277  -1.0
31278  4.5
31279  -0.6
31280  5.7
31281  5.6
31282  -0.7
31283  6.1
31284  0.2
31285  13.0
31286  14.3
31287  16.7
31288  18.5
31292  -1.0
31293  -0.3
31294  -0.7
31295  6.3
31296  -0.9
31298  4.1
31299  7.9
31303  15.4
31304  8.8
31305  -0.6
31306  -0.1
31307  0.1
31308  11.2
31309  13.7
31312  6.4
31314  5.0
31315  11.0
31316  1.1
31317  -0.9
31319  20.0
31321  13.4
31322  11.2
31323  6.4
31324  0.5
31329  -1.0
31333  -0.8
31334  5.3
31336  3.6
31338  43.7
31339  26.9
31340  43.0
31342  -0.6
31343  6.0
31344  5.8
31345  18.8
31346  25.7
31347  26.3
31348  29.6
31349  11.0
31350  13.9
31353  7.9
31354  6.5
31360  -0.8
31361  -0.9
31362  -1.0
31364  2.2
31366  10.9
31368  -0.6
31369  10.2
31370  8.0
31371  18.3
31372  -0.8
31373  -1.0
31374  18.9
31376  -0.7
31377  -0.8
31378  -1.5
31379  -0.9
31380  -3.0
31381  -0.6
31382  0.2
31383  8.5
31384  9.8
31385  -1.2
31386  -0.7
31387  -0.9
31388  18.2
31389  9.9
31391  21.7
31392  15.2
31393  31.0
31394  14.8
31396  15.2
31397  0.7
31398  1.5
31399  0.9
31413  -1.2
31416  9.6
31417  17.1
31418  13.6
31419  12.7
31420  15.5
31421  16.3
31422  19.1
31423  -0.8
31424  2.4
31425  7.1
31426  9.1
31427  4.8
31428  8.9
31429  5.1
31430  13.6
31431  -2.1
31432  5.3
31433  -9.9
31434  -0.3
31435  66.0
31436  67.1
31437  6.2
31441  3.7
31442  41.9
31444  25.5
31445  39.0
31446  4.5
31447  8.1
31448  39.2
31449  9.1
31450  24.5
31451  22.3
31452  2.3
31453  42.6
31454  -0.9
31455  -0.7
31456  17.2
31457  -0.6
31458  5.5
31460  6.0
31461  15.0
31462  22.8
31463  2.3
31464  10.8
31465  -0.7
31466  -1.1
31467  16.8
31468  -0.8
31469  -1.0
31470  -0.8
31471  17.9
31472  14.4
31473  16.4
31474  19.6
31475  -0.8
31476  -0.7
31477  13.2
31478  16.5
31483  2.7
31492  1.0
31493  23.8
31494  21.6
31495  -0.9
31496  22.5
31499  7.5
31500  7.4
31501  6.4
31502  6.3
31503  6.5
31504  2.4
31506  0.2
31507  0.9
31508  -0.9
31509  42.2
31511  -0.9
31512  48.3
31513  45.3
31514  1.7
31515  13.6
31516  1.8
31517  -0.9
31520  42.4
31521  7.6
31522  5.4
31523  24.3
31527  20.6
31528  24.6
31529  19.1
31530  -1.4
31531  60.5
31532  -0.6
31533  26.6
31534  1.4
31535  16.0
31536  2.5
31537  12.4
31540  29.9
31541  24.5
31542  21.2
31543  25.6
31544  18.7
31545  17.9
31546  6.9
31547  50.0
31548  -0.9
31549  48.5
31551  7.4
31552  5.7
31553  -0.8
31554  -1.1
31555  4.6
31556  -0.6
31557  29.2
31558  15.2
31559  29.0
31560  5.7
31561  6.1
31562  6.5
31563  4.4
31564  36.3
31566  -0.5
31567  18.5
31568  26.1
31569  9.8
31573  9.0
31574  46.8
31575  2.2
31576  -1.1
31577  -0.8
31578  -0.8
31579  36.9
31580  7.1
31581  9.3
31583  -1.0
31585  4.3
31587  -0.7
31588  55.8
31589  24.4
31591  68.7
31592  11.9
31593  2.6
31594  7.7
31595  16.1
31597  4.5
31599  -0.6
31600  11.7
31603  5.7
31604  8.5
31606  21.4
31607  -0.9
31608  16.6
31609  15.6
31610  1.9
31611  42.9
31612  8.5
31613  12.2
31614  9.7
31615  38.9
31616  44.4
31617  27.2
31618  18.9
31619  26.7
31623  7.5
31624  19.3
31626  -0.4
31627  42.5
31628  49.2
31629  47.5
31630  30.7
31631  29.8
31632  42.7
31633  0.7
31634  1.3
31635  21.9
31636  18.9
31638  -1.0
31639  -0.8
31640  20.8
31641  -0.4
31642  3.8
31643  -1.0
31645  3.4
31646  -0.5
31647  -0.9
31648  2.4
31649  -0.8
31650  7.8
31651  18.4
31652  -0.7
31653  -0.9
31654  16.8
31655  22.0
31656  -1.0
31657  28.7
31658  -0.4
31659  8.7
31660  3.0
31661  13.7
31662  26.9
31663  4.4
31664  20.4
31665  1.2
31667  -0.8
31668  -1.2
31669  6.3
31670  15.6
31671  15.0
31672  17.0
31673  26.1
31674  -1.0
31675  35.4
31676  -1.1
31677  -0.9
31679  -0.5
31680  4.2
31681  3.7
31682  -0.7
31683  -0.7
31684  -0.9
31685  -0.8
31686  -0.8
31687  -0.8
31688  -1.0
31689  -1.2
31690  -0.7
31692  -0.6
31694  21.0
31697  19.4
31698  7.5
31699  -0.9
31700  5.8
31701  6.4
31702  13.7
31703  4.4
31704  10.5
31705  19.8
31719  27.7
31720  20.9
31721  18.1
31722  -0.7
31723  32.5
31724  27.9
31725  40.6
31726  13.4
31727  14.3
31728  -1.1
31729  27.2
31730  -0.4
31731  25.8
31732  45.1
31733  32.7
31734  20.5
31735  7.2
31737  24.7
31738  24.0
31739  33.4
31740  64.6
31741  70.3
31742  34.2
31743  22.4
31744  -0.6
31745  6.6
31746  -0.7
31747  -0.9
31748  -0.4
31749  5.0
31750  21.5
31751  28.2
31753  33.6
31754  18.1
31755  -0.7
31758  -0.6
31765  -0.7
31769  16.7
31855  5.5
31856  2.7
31857  -0.4
31858  1.2
31859  3.8
31906  3.1
31908  0.3
31909  2.0
31910  2.2
31911  1.9
31912  1.0
31913  4.7
31914  2.1
31915  27.3
31916  6.5
31917  -0.4
31918  6.2
31920  11.5
31921  5.5
31922  -0.4
31925  -0.6
31927  20.8
31929  -0.7
31930  42.8
31931  19.4
31932  -0.6
31933  31.4
31934  35.3
31936  25.3
31954  0.8
31955  -0.6
31956  -0.7
31957  1.3
31958  4.9
31959  34.3
31962  -1.1
31963  -0.8
31966  -0.4
31967  18.2
31968  4.3
31969  3.9
31970  2.8
31972  0.4
31973  1.1
31974  2.1
31975  1.7
31976  0.7
31977  0.4
31978  17.1
31979  1.4
31980  0.3
31981  -0.5
31982  -0.2
31983  -1.2
31984  -0.8
31985  -0.6
31986  18.7
31987  -1.0
31988  -0.5
31989  -0.3
31991  5.4
31992  11.6
31993  6.1
31994  13.1
31995  5.5
31996  -0.4
31997  10.9
31998  13.5
31999  -0.7
32000  -0.1
32001  12.3
32002  11.1
32010  12.6
32018  4.6
32019  5.8
32020  13.3
32021  12.8
32022  9.1
32023  8.4
32024  7.9
32027  2.1
32028  19.1
32029  17.2
32030  18.7
32031  19.0
32032  21.8
32038  13.5
32039  13.7
32040  14.5
32041  13.7
32044  5.0
32045  16.4
32046  22.7
32047  23.3
32048  5.2
32049  -0.8
32050  0.0
32051  24.6
32052  14.0
32053  -0.7
32054  -0.4
32055  17.8
32056  19.6
32057  20.4
32058  -0.7
32059  0.5
32060  1.1
32061  8.3
32062  0.2
32063  2.1
32064  2.0
32065  15.3
32089  24.5
32090  32.0
32091  9.1
32092  -0.7
32093  28.8
32094  30.2
32095  28.6
32096  -0.2
32097  52.3
32098  -0.4
32099  -0.3
32100  17.4
32101  17.6
32103  -0.6
32104  -0.5
32106  21.4
32108  36.4
32109  18.0
32110  -0.6
32111  -1.0
32112  18.9
32113  17.4
32114  -0.6
32115  -0.7
32116  -0.5
32117  20.9
32118  0.1
32119  9.4
32120  2.5
32121  -0.5
32122  -0.4
32123  1.6
32125  -0.3
32126  -1.0
32127  -0.7
32128  21.9
32129  30.4
32130  14.8
32131  7.8
32132  13.1
32133  3.4
32134  29.2
32135  28.8
32136  0.2
32138  18.0
32146  17.8
32167  4.3
32168  20.2
32169  23.3
32170  12.9
32171  21.6
32172  -0.4
32173  13.2
32174  -0.6
32175  7.2
32176  -0.6
32177  31.9
32178  13.6
32179  19.0
32180  5.5
32181  -0.4
32182  5.5
32183  6.6
32184  -0.4
32189  -0.2
32190  -0.5
32191  0.0
32192  -0.4
32193  -0.3
32194  -0.5
32195  13.9
32196  25.9
32197  9.3
32198  12.4
32199  13.4
32200  -2.0
32201  22.8
32204  -0.7
32205  2.1
32206  -0.6
32207  -0.7
32211  11.3
32212  13.3
32213  -0.4
32214  24.0
32215  25.6
32216  23.4
32217  13.1
32218  11.5
32219  11.4
32221  10.6
32225  18.5
32226  2.3
32228  20.9
32233  18.6
32234  5.5
32235  19.2
32237  4.4
32238  18.6
32239  13.3
32240  2.1
32241  -1.1
32242  -0.7
32243  -0.5
32244  9.5
32245  0.3
32261  -0.5
32271  4.4
32272  7.2
32273  2.2
32290  31.3
32291  27.1
32303  -0.0
32304  7.1
32305  7.7
32338  16.1
32358  9.7
32381  5.0
32382  0.3
32383  4.8
32405  13.8
32406  17.1
32415  13.1
32416  13.0
32420  4.1
32421  3.7
32433  2.5
32443  9.6
32461  14.1
32464  4.0
32497  -0.8
32504  38.8
32505  -0.7
32542  8.2
32546  41.4
32548  5.6
32550  -0.4
32553  1.6
32554  1.5
32555  8.8
32558  8.1
32642  17.7
32643  15.7
32716  9.2
32717  3.5
32812  4.2
32814  -0.6
32815  6.3
32820  -1.1
32821  7.8
32822  0.1
32823  8.4
32824  8.7
32825  12.1
32826  8.6
32827  7.0
32828  -0.5
32829  5.8
32830  8.4
32896  1.3
32917  -0.1
32919  1.1
32920  2.3
32921  1.7
32922  1.6
32924  -0.0
32927  0.0
32928  -0.1
32929  10.3
32930  15.6
32931  20.9
32932  15.6
32933  -0.1
32934  3.8
32935  -0.2
32950  15.0
32959  3.9
32967  0.0
32969  6.1
32986  0.2
33023  18.3
33024  15.6
33025  14.4
33027  19.7
33028  19.8
33029  15.5
33030  12.5
33031  8.2
33032  5.7
33033  5.7
33037  0.0
33038  10.2
33040  6.0
33042  -0.1
33043  -0.1
33045  0.0
33046  -0.0
33047  0.0
33049  14.0
33051  11.5
33052  9.6
33053  5.5
33054  5.2
33055  4.3
33056  6.0
33057  4.7
33058  6.1
33059  6.3
33060  -0.0
33063  -0.0
33064  0.7
33068  0.1
33069  0.2
33070  0.1
33072  -0.1
33073  0.0
33074  0.0
33075  -0.1
33076  -0.0
33077  -0.0
33078  0.0
33118  45.5
33134  71.6
33148  17.3
33155  -0.0
33157  0.1
33180  0.3
33181  9.8
33182  9.2
33183  11.1
33210  0.5
33217  9.7
33218  9.6
33222  20.1
33225  8.4
33226  10.3
33227  8.9
33228  2.7
33229  5.2
33255  0.0
33256  0.0
33257  3.1
33258  0.5
33259  4.7
33262  0.6
33266  22.0
33267  5.5
33268  22.3
33269  23.0
33270  18.1
33274  19.4
33275  17.5
33276  12.4
33280  0.3
33282  -0.0
33283  1.2
33291  1.9
33292  0.0
33302  6.0
33339  3.1
33341  2.6
33342  1.5
33345  53.5
33353  11.9
33374  8.4
33407  1.9
33415  4.8
33416  8.0
33417  18.5
33418  -0.0
33419  -0.1
33420  -0.0
33421  27.8
33422  8.5
33423  3.2
33424  2.1
33425  4.3
33426  0.9
33427  3.8
33463  13.4
33464  15.9
33465  2.0
33466  10.4
33467  -0.1
33474  1.7
33475  9.0
33476  4.0
33478  3.0
33482  1.6
33483  1.4
33484  1.9
33499  8.5
33500  9.9
33501  9.6
33502  9.5
33503  9.7
33504  11.9
33508  0.1
33509  0.4
33510  4.8
33511  13.7
33512  15.2
33513  0.0
33514  0.6
33535  -0.1
33536  -0.1
33537  -0.0
33538  0.0
33539  0.1
33540  -0.2
33541  -0.2
33542  -0.0
33595  16.7
33602  8.9
33642  18.3
33644  6.4
33645  7.6
33646  7.6
33647  9.8
33648  9.6
33649  9.3
33662  6.1
33663  0.1
33664  -1.6
33670  -0.0
33673  43.2
33675  0.0
33676  -0.0
33678  -0.0
33679  0.0
33680  0.2
33681  11.3
33682  14.8
33683  8.7
33684  0.3
33685  1.0
33688  -0.1
33689  -0.0
33691  -0.2
33692  0.0
33746  -0.0
33751  0.2
33784  5.5
33786  7.1
33834  6.0
33871  33.5
33872  0.2
33873  5.7
33874  0.2
33875  0.2
33876  10.1
33877  6.6
33878  6.9
33879  7.4
33880  8.2
33881  8.3
33882  8.3
33883  8.0
33884  5.4
33885  5.2
33886  0.0
33887  5.2
33889  38.1
33890  12.5
33891  5.1
33892  7.4
33894  -0.0
33914  -0.0
33915  15.3
33916  16.9
33917  -0.1
33918  16.1
33935  10.5
33936  11.5
33937  10.2
33938  12.2
33944  15.1
33945  15.1
33947  16.0
33948  0.0
33950  18.4
33956  50.4
33959  51.3
33960  8.9
33961  -0.0
33962  12.4
33965  -0.1
33981  -0.0
33982  -0.0
33985  0.5
33986  -0.1
33987  -0.1
33988  -0.0
33989  13.7
33990  -0.0
33991  11.9
33992  -0.1
34007  17.0
34008  5.6
34016  14.7
34018  17.4
34020  15.2
34022  0.6
34023  10.8
34026  27.7
34027  11.2
34028  36.4
34034  3.9
34035  41.6
34036  36.6
34037  38.1
34038  44.8
34039  54.6
34040  11.7
34041  10.9
34042  10.7
34043  54.4
34044  49.5
34046  -0.1
34047  10.9
34048  12.2
34049  11.9
34050  12.1
34051  11.9
34052  15.7
34053  10.0
34054  21.0
34056  -0.1
34057  17.7
34058  9.8
34059  22.6
34060  6.3
34061  43.5
34062  10.3
34063  11.4
34064  1.8
34065  2.0
34066  1.6
34086  11.9
34087  10.9
34088  -0.1
34089  -0.1
34090  -0.1
34091  13.5
34092  2.0
34093  2.0
34094  13.6
34095  1.8
34096  2.3
34097  0.1
34098  20.2
34100  -0.3
34101  -0.2
34102  -0.0
34103  -0.0
34104  -0.0
34105  -0.1
34106  -0.1
34107  3.9
34108  -0.0
34109  -0.1
34110  -0.0
34111  -0.1
34112  5.5
34113  5.1
34115  1.5
34118  0.0
34127  6.9
34134  0.8
34153  8.7
34154  0.4
34157  -0.0
34162  -0.1
34163  -0.1
34164  5.8
34165  2.7
34166  -0.1
34167  3.7
34173  26.6
34176  29.6
34177  24.0
34179  7.7
34188  7.8
34189  18.1
34226  36.6
34227  35.7
34228  -0.5
34229  0.0
34230  -0.2
34231  0.0
34232  67.2
34233  5.9
34234  -0.3
34237  0.1
34238  0.0
34239  -0.0
34244  19.6
34245  21.0
34250  -0.0
34252  0.0
34256  0.2
34261  -0.1
34262  -0.1
34263  -0.0
34264  10.7
34265  12.4
34266  1.3
34267  -0.6
34270  21.1
34271  -0.0
34272  6.3
34273  12.8
34275  -0.0
34276  -0.0
34277  -0.0
34278  10.9
34279  7.6
34280  4.4
34281  0.2
34282  4.4
34283  -0.1
34284  13.2
34286  -0.1
34287  11.5
34288  0.0
34290  -0.0
34291  0.1
34292  -0.0
34293  22.8
34297  -0.1
34299  -0.1
34300  -0.0
34301  0.1
34302  -0.1
34303  0.2
34304  0.1
34306  -0.1
34308  0.0
34309  -0.1
34310  -0.1
34311  -0.1
34312  0.4
34313  -0.1
34314  0.2
34315  4.6
34317  3.9
34318  2.1
34319  2.0
34320  15.5
34321  19.8
34322  9.0
34323  6.8
34325  10.9
34337  0.3
34338  -0.1
34339  -0.0
34340  0.0
34350  7.5
34351  -0.0
34352  52.9
34353  18.2
34354  14.5
34355  43.7
34356  14.0
34357  -0.0
34358  5.0
34359  2.9
34360  4.5
34361  48.1
34366  44.0
34367  -0.1
34368  3.5
34371  7.6
34372  52.7
34373  3.1
34374  3.7
34375  46.6
34376  8.4
34377  9.8
34378  9.5
34379  41.8
34380  6.4
34381  26.9
34382  43.5
34383  0.0
34385  40.3
34386  42.5
34387  6.8
34388  20.3
34389  -0.1
34391  0.0
34392  -0.0
34393  20.4
34394  -0.0
34395  42.9
34396  2.9
34397  -0.2
34398  0.1
34399  -0.1
34400  30.3
34401  24.5
34402  10.4
34403  15.0
34404  5.8
34405  6.4
34406  43.7
34407  -0.2
34408  -0.2
34409  42.7
34410  0.8
34411  0.1
34413  0.1
34414  9.6
34415  24.1
34416  13.8
34417  0.0
34418  6.3
34419  7.1
34420  7.5
34421  3.4
34422  6.4
34423  17.8
34424  76.5
34425  0.3
34426  0.6
34427  80.4
34428  0.3
34429  1.2
34430  24.3
34432  22.9
34433  0.4
34434  6.4
34435  0.5
34436  28.0
34438  2.7
34439  11.9
34440  6.2
34441  4.2
34442  -0.0
34443  13.2
34444  -0.0
34445  0.1
34446  -0.1
34447  -0.1
34448  -0.0
34449  9.9
34450  0.1
34452  0.0
34453  -0.0
34454  11.7
34458  14.4
34459  15.9
34460  11.3
34461  0.0
34462  17.8
34463  5.7
34464  0.2
34465  5.9
34466  -0.1
34467  7.4
34468  -0.1
34470  -0.0
34471  -0.1
34472  4.7
34473  -0.0
34475  31.0
34476  -0.1
34478  21.6
34479  0.7
34480  20.1
34481  0.9
34482  7.8
34483  23.9
34484  0.7
34485  -0.0
34486  -0.0
34487  -0.0
34488  -0.0
34489  11.5
34490  6.9
34491  0.0
34492  11.9
34494  0.0
34495  -0.1
34496  -0.0
34497  -0.1
34498  -0.1
34499  -0.0
34500  -0.0
34501  16.6
34502  -0.1
34503  -0.1
34504  -0.1
34505  1.0
34506  15.5
34507  -0.1
34508  0.4
34509  4.1
34510  0.7
34511  0.1
34514  -0.0
34517  9.0
34518  -0.1
34519  8.3
34520  -0.2
34521  17.4
34522  7.1
34523  0.0
34524  18.2
34525  8.0
34526  15.4
34527  6.7
34528  0.1
34529  0.1
34530  7.7
34531  17.0
34532  7.9
34533  8.2
34534  0.0
34535  0.1
34536  19.3
34539  4.9
34540  86.1
34541  -0.1
34542  77.5
34543  -0.1
34544  42.9
34545  1.3
34546  -0.0
34547  3.0
34548  99.8
34549  0.4
34550  8.6
34551  0.1
34552  12.0
34553  12.9
34554  0.3
34555  13.1
34556  -0.0
34557  18.2
34559  19.6
34560  24.4
34561  15.4
34562  23.9
34563  0.1
34564  15.5
34566  -0.1
34567  52.0
34568  0.1
34569  -0.1
34570  14.8
34571  22.7
34572  -0.1
34574  15.9
34575  30.5
34576  0.5
34577  -0.2
34578  34.7
34580  15.6
34581  -0.1
34582  14.3
34583  19.3
34584  19.1
34586  19.6
34587  18.9
34590  51.4
34596  20.7
34597  22.1
34598  20.3
34599  20.8
34600  0.5
34601  18.8
34602  7.0
34603  0.0
34604  0.9
34605  0.0
34606  7.8
34607  1.0
34608  20.9
34610  0.1
34611  0.0
34612  -0.1
34613  -0.0
34614  12.2
34615  11.6
34616  0.1
34617  11.2
34618  0.1
34619  36.5
34620  17.7
34621  12.2
34622  35.1
34623  1.2
34624  -0.1
34626  27.7
34627  28.7
34628  6.5
34629  28.2
34630  28.0
34631  6.7
34632  37.9
34634  13.7
34635  -0.0
34636  -0.1
34637  -0.1
34638  -0.1
34639  -0.1
34640  -0.0
34641  0.0
34642  5.9
34643  1.1
34645  53.1
34646  0.1
34647  9.8
34648  1.7
34649  -0.1
34650  9.3
34651  -0.1
34652  9.0
34653  4.9
34654  36.6
34656  11.7
34657  15.8
34658  29.2
34659  31.2
34660  23.9
34661  1.7
34662  1.3
34663  1.9
34664  24.9
34665  -0.1
34666  20.1
34667  -0.0
34668  -0.0
34669  0.0
34670  -0.0
34671  24.6
34672  -0.3
34673  -0.1
34674  0.0
34675  -0.1
34676  2.1
34678  0.4
34679  -0.0
34680  1.9
34682  -0.0
34683  -0.1
34684  -1.2
34685  0.0
34687  -0.1
34689  12.9
34690  15.9
34691  16.2
34692  18.0
34693  18.0
34694  3.8
34695  9.0
34696  3.2
34697  1.5
34698  0.2
34699  2.1
34700  0.2
34701  0.3
34703  0.4
34704  3.7
34705  -0.0
34710  13.3
34711  11.2
34712  35.3
34713  48.9
34714  -0.0
34716  44.1
34717  0.1
34718  0.1
34724  -0.1
34725  0.1
34727  2.2
34734  4.0
34735  4.9
34736  6.7
34737  3.5
34738  2.1
34739  2.1
34740  6.2
34742  5.7
34743  2.5
34744  2.7
34748  0.0
34749  -0.1
34750  -0.1
34751  -0.1
34752  0.0
34753  0.2
34754  8.5
34755  -0.1
34756  4.6
34757  5.0
34758  5.5
34759  -0.1
34760  2.3
34761  2.6
34764  3.6
34766  3.8
34767  9.8
34769  9.3
34770  0.3
34771  9.1
34772  7.3
34773  4.5
34774  0.4
34775  0.2
34776  0.2
34777  6.1
34778  0.0
34779  37.5
34780  40.0
34781  10.2
34782  19.2
34783  8.2
34784  12.5
34785  32.0
34786  -0.2
34787  18.0
34789  6.5
34790  2.1
34791  6.0
34792  1.2
34794  27.6
34795  16.0
34796  16.3
34797  23.8
34798  15.3
34799  15.0
34800  39.7
34801  10.8
34802  16.3
34803  9.4
34804  38.5
34807  -0.1
34809  13.5
34810  40.2
34812  21.1
34814  17.4
34815  9.7
34816  -0.1
34818  8.3
34819  3.2
34820  10.0
34821  -0.1
34822  0.0
34823  0.0
34824  2.4
34825  16.0
34826  96.4
34827  44.9
34828  18.9
34829  52.6
34832  76.0
34834  76.7
34835  83.5
34836  82.6
34837  15.2
34838  86.6
34839  65.8
34840  54.2
34841  74.7
34842  -0.0
34843  1.3
34844  4.0
34845  0.0
34846  7.7
34847  -0.0
34848  4.9
34849  15.1
34850  98.6
34851  109.3
34852  79.2
34853  93.3
34856  -0.2
34858  6.5
34860  25.1
34861  3.2
34862  27.9
34863  4.2
34865  24.9
34867  3.8
34868  3.9
34869  4.4
34870  7.8
34873  8.1
34874  38.6
34875  23.1
34877  37.9
34878  29.1
34879  22.4
34880  -0.1
34881  7.6
34882  22.7
34886  33.3
34887  -0.0
34889  30.0
34890  21.3
34891  45.7
34892  42.2
34893  43.5
34894  44.0
34895  42.8
34896  42.9
34897  0.0
34898  40.4
34899  40.5
34900  42.0
34901  40.3
34902  -0.1
34903  -0.0
34904  34.0
34905  13.9
34907  -0.1
34908  5.0
34909  5.9
34910  5.7
34911  18.8
34912  25.1
34913  27.4
34914  0.4
34917  -0.1
34918  -0.0
34919  -0.0
34920  0.2
34921  0.3
34922  0.2
34923  17.3
34924  20.2
34925  19.0
34926  4.0
34927  13.2
34928  7.4
34929  7.8
34930  8.7
34931  9.1
34932  16.3
34936  -0.1
34937  51.6
34939  2.3
34940  11.7
34941  3.4
34942  -0.1
34944  -0.1
34945  5.2
34946  6.8
34947  0.1
34948  5.9
34949  -0.1
34950  0.1
34951  0.1
34952  14.4
34953  23.3
34954  17.9
34955  11.4
34956  -0.1
34957  13.5
34958  -0.2
34960  -0.1
34961  0.0
34962  0.3
34966  -0.1
34967  -0.0
34971  -0.0
34973  0.0
34974  -0.1
34975  4.8
34976  46.3
34977  37.5
34978  29.1
34979  20.0
34980  35.4
34981  16.9
34982  4.6
34983  22.8
34984  20.3
34985  26.1
34986  22.3
